58675
58674
58673
58672
58671
58670
58669
58668
58667
58666
58665
58664
58663
58662
58513
58452
58444
58661
58609
58658
58607
58643
58498
58508
58567
58434
58421
58544
58408
58379
58474
58385
58620
58377
58383
58354
58557
58623
58343
58492
58626
58543
58656
58335
58507
58541
58633
58331
58574
58534
58639
58649
58330
58630
58495
58621
58325
58485
58578
58647
58323
58521
58597
58646
58648
58322
58520
58525
58319
58645
58493
58537
58644
58311
58593
58461
58449
58641
58545
58561
58309
58660
58428
58414
58553
58458
58476
58598
58596
58308
58397
58409
58422
58431
58486
58540
58659
58289
58360
58387
58415
58467
58570
58657
58287
58351
58602
58407
58500
58465
58579
58640
58538
58655
58286
58346
58484
58613
58389
58440
58610
58417
58573
58530
58505
58651
58285
58371
58366
58603
58396
58468
58453
58284
58478
58514
58356
58393
58595
58539
58581
58441
58445
58632
58283
58390
58451
58341
58375
58399
58426
58420
58504
58405
58282
58425
58326
58363
58382
58566
58394
58439
58279
58281
58317
58321
58347
58584
58384
58619
58590
58642
58629
58278
58624
58306
58314
58487
58378
58511
58532
58617
58547
58277
58302
58301
58546
58523
58604
58627
58359
58463
58562
58524
58536
58519
58580
58276
58297
58477
58554
58555
58654
58614
58355
58433
58447
58274
58275
58273
58512
58577
58592
58349
58402
58271
58272
58587
58460
58529
58337
58374
58510
58269
58506
58563
58591
58446
58480
58636
58327
58475
58372
58502
58268
58494
58638
58424
58560
58320
58615
58533
58628
58368
58370
58479
58491
58267
58516
58418
58509
58312
58462
58518
58365
58625
58454
58559
58266
58410
58400
58307
58457
58631
58362
58611
58450
58482
58265
58517
58599
58345
58305
58412
58556
58634
58358
58576
58423
58564
58263
58427
58315
58616
58650
58304
58470
58549
58357
58601
58411
58551
58262
58364
58535
58310
58542
58531
58300
58612
58522
58527
58459
58652
58350
58503
58403
58589
58261
58419
58298
58548
58437
58296
58471
58398
58501
58582
58568
58600
58348
58586
58401
58552
58260
58294
58622
58395
58569
58295
58469
58367
58435
58499
58572
58637
58338
58653
58388
58528
58259
58442
58334
58381
58290
58361
58404
58550
58336
58429
58386
58558
58258
58313
58466
58280
58565
58342
58380
58575
58413
58430
58332
58333
58373
58490
58257
58340
58270
58324
58448
58605
58391
58483
58329
58369
58256
58264
58318
58472
58353
58594
58328
58255
58299
58344
58253
58254
58292
58481
58252
58291
58251
58293
58464
58488
58608
58618
58250
58438
58489
58588
58432
58496
58585
58526
58583
58249
58436
58606
58406
58497
58455
58473
58456
58247
58248
58635
58392
58416
58352
58245
58515
58376
58316
58339
58244
58246
58303
58571
58243
58288
58242
58241
58233
58237
58232
58223
58219
58221
58214
58216
58213
58212
58227
58210
58208
58207
58236
58205
58206
58222
58225
58202
58203
58218
58197
58217
58194
58234
58229
58193
58201
58188
58189
58186
58192
58240
58185
58231
58184
58228
58183
